Date,number1,number2,number3,number4,number5,number6,number7,jackpot clamied
30th December 2017,11,12,14,27,37,48,0,5000000 R
27th December 2017,17,19,31,37,45,46,0,1000000 R
23rd December 2017,4,11,31,32,38,39,6,18961293
20th December 2017,8,13,35,38,39,44,4,15000000 R
16th December 2017,5,6,18,23,30,40,9,13000000 R
13th December 2017,2,3,9,14,17,27,0,10000000 R
9th December 2017,7,12,16,20,25,46,7,8000000 R
6th December 2017,11,18,19,29,35,43,9,5000000 R
2nd December 2017,3,12,13,17,18,33,2,4000000 R
29th November 2017,9,16,25,28,30,32,8,1000000 R
25th November 2017,11,17,20,26,37,43,9,8574680
22nd November 2017,24,28,29,32,34,48,9,5000000 R
18th November 2017,2,5,9,12,20,35,7,4000000 R
15th November 2017,6,23,35,40,45,46,5,1000000 R
11th November 2017,1,7,11,16,19,37,7,17830561
8th November 2017,7,14,24,37,38,43,7,14000000 R
4th November 2017,3,7,14,21,46,47,6,13000000 R
1st November 2017,3,8,15,18,21,31,9,10000000 R
28th October 2017,1,20,22,24,33,36,1,8000000 R
25th October 2017,1,18,29,32,36,42,8,5000000 R
21st October 2017,4,10,15,25,34,46,1,4000000 R
18th October 2017,4,7,10,11,13,38,4,1000000 R
14th October 2017,7,9,10,13,35,40,7,13121323
11th October 2017,3,6,17,20,21,42,7,10000000 R
7th October 2017,11,20,21,24,30,49,6,8000000 R
4th October 2017,11,15,16,17,19,45,4,5000000 R
30th September 2017,4,18,19,23,33,46,1,4000000 R
27th September 2017,17,20,25,31,33,37,6,1000000 R
23rd September 2017,10,15,19,23,38,44,6,8537139
20th September 2017,3,9,28,30,36,46,3,5000000 R
16th September 2017,21,26,27,31,35,47,9,4000000 R
13th September 2017,11,16,17,18,30,40,6,1000000 R
9th September 2017,8,14,18,27,40,49,3,17629073
6th September 2017,12,16,19,28,33,48,3,14000000 R
2nd September 2017,3,5,8,14,33,34,6,12000000 R
30th August 2017,5,7,9,21,29,34,3,9000000 R
26th August 2017,2,11,19,24,28,49,9,8000000 R
23rd August 2017,16,23,25,28,32,49,6,5000000 R
19th August 2017,2,10,29,35,45,48,2,4000000 R
16th August 2017,6,9,29,36,38,49,3,1000000 R
12th August 2017,5,15,25,27,47,49,6,3594929
9th August 2017,1,10,18,39,41,49,7,4000000 R
5th August 2017,14,18,19,23,37,49,5,3000000 R
2nd August 2017,21,22,23,34,36,49,5,14789463
29th July 2017,14,20,29,30,35,37,3,13000000 R
26th July 2017,12,15,18,26,27,33,0,10000000 R
22nd July 2017,5,27,37,41,45,47,7,8000000 R
19th July 2017,17,19,21,27,36,41,1,5000000 R
15th July 2017,8,25,31,32,33,38,1,4000000 R
12th July 2017,18,22,30,36,44,49,7,1000000 R
8th July 2017,2,3,17,23,27,40,2,13173447
5th July 2017,7,33,34,39,40,47,0,10000000 R
1st July 2017,2,3,15,22,35,47,8,8000000 R
28th June 2017,13,17,29,38,41,42,4,5000000 R
24th June 2017,13,23,27,38,43,46,6,4000000 R
21st June 2017,4,6,7,39,41,44,4,1000000 R
17th June 2017,2,6,16,22,44,49,1,7287855
14th June 2017,29,30,32,33,36,44,1,4000000 R
10th June 2017,4,6,16,26,29,42,7,3000000 R
7th June 2017,6,17,18,28,33,37,4,29696697
3rd June 2017,24,31,32,35,37,46,3,27000000 R
31st May 2017,9,17,24,27,36,48,7,24000000 R
27th May 2017,23,24,25,27,29,49,1,22000000 R
24th May 2017,6,13,19,25,26,44,3,19000000 R
20th May 2017,1,15,29,34,37,44,7,17000000 R
17th May 2017,1,2,23,26,36,43,3,14000000 R
13th May 2017,7,19,32,45,47,48,1,13000000 R
10th May 2017,9,18,26,38,39,42,8,10000000 R
6th May 2017,16,26,30,31,32,47,4,8000000 R
3rd May 2017,4,5,12,18,20,33,8,5000000 R
29th April 2017,3,4,18,36,37,49,5,4000000 R
26th April 2017,25,31,34,37,39,42,3,1000000 R
22nd April 2017,1,11,12,19,25,32,7,13245614
19th April 2017,19,23,27,30,41,48,0,10000000 R
15th April 2017,12,18,21,27,30,36,7,8000000 R
12th April 2017,10,11,14,24,26,48,5,5000000 R
8th April 2017,2,7,28,39,40,47,1,4000000 R
5th April 2017,1,6,7,22,41,49,2,1000000 R
1st April 2017,5,8,9,18,22,36,8,11300368 R
29th March 2017,9,21,24,25,28,47,2,5000000 R
25th March 2017,1,9,11,25,26,49,6,4000000 R
22nd March 2017,4,15,18,21,22,38,6,1000000 R
18th March 2017,4,12,23,27,31,40,0,5896029
15th March 2017,7,15,16,25,26,40,1,20000000 R
11th March 2017,4,12,17,26,46,49,8,18000000 R
8th March 2017,3,7,16,26,28,35,6,15000000 R
4th March 2017,1,19,22,23,41,45,2,13000000 R
1st March 2017,12,22,29,30,31,38,4,10000000 R
25th February 2017,1,3,4,9,28,32,4,8000000 R
22nd February 2017,1,5,7,25,42,46,3,5000000 R
18th February 2017,17,20,24,25,27,41,9,4000000 R
15th February 2017,7,13,18,33,36,39,4,1000000 R
11th February 2017,3,12,22,32,45,46,6,4495389
8th February 2017,14,22,28,30,41,46,6,6000000 R
4th February 2017,2,16,28,37,39,49,8,4000000 R
1st February 2017,3,13,19,21,25,42,9,1000000 R
28th January 2017,6,9,15,38,41,42,7,3057019
25th January 2017,1,2,14,17,25,49,5,31058057
21st January 2017,5,9,11,14,26,39,9,29000000 R
18th January 2017,10,11,13,28,39,40,1,25000000 R
14th January 2017,3,4,23,27,28,37,3,23000000 R
11th January 2017,20,27,29,32,34,38,1,20000000 R
7th January 2017,12,14,17,22,45,46,7,18000000 R
4th January 2017,5,13,21,37,39,48,2,15000000 R